# Exported from NWmax 0.8 b61 at 13/01/2010 13:43:23
# mdl file
#
#NWmax MODEL ASCII
# model: TDC01_G04_01
#local file: E:\Program Files\gmax\Scenes\ceilings\corridor_T.gmax
filedependancy corridor_T.gmax
newmodel TDC01_G04_01
setsupermodel TDC01_G04_01 NULL
classification Tile
#NWmax GEOM  ASCII
beginmodelgeom TDC01_G04_01
node dummy TDC01_G04_01
  parent NULL
endnode
#Tile trimesh node
node trimesh Object304
  parent TDC01_G04_01
  position -4.91 2.2 -0.75
  orientation  0.0 0.0 0.0  0.0
  wirecolor 0.694118 0.109804 0.584314 
  tilefade 1
  scale 1.0
  render 1
  Shadow 0
  beaming 0
  inheritcolor 0
  rotatetexture 0
  alpha 1.0
  transparencyhint 0
  selfillumcolor 0.0 0.0 0.0 
  ambient 1.0 1.0 1.0 
  diffuse 1.0 1.0 1.0 
  specular 0.0 0.0 0.0 
  shininess 1
  center 746.0 -218.5 759.5 
  bitmap TDc01_FLRcrack
  verts 20
    10.06 -0.6 7.23
    10.06 -1.05 7.63
    10.06 -1.56 7.88
    10.06 -2.17 7.96
    10.05 -2.79 7.89
    10.05 -3.32 7.64
    10.06 -3.77 7.23
    4.86 -2.14 7.94
    5.47 -2.75 7.84
    5.16 -2.45 7.9
    5.99 -3.27 7.59
    5.68 -2.97 7.74
    6.47 -3.75 7.23
    6.15 -3.44 7.48
    6.16 -0.78 7.38
    6.34 -0.6 7.23
    5.49 -1.45 7.74
    5.68 -1.25 7.59
    5.15 -1.78 7.88
    5.98 -0.95 7.54
  faces 18
    0 14 15  1  14 50 51  1
    1 16 17  2  16 52 53  1
    3 9 7  2  19 44 41  1
    4 11 8  2  20 47 43  1
    5 13 10  2  22 49 46  1
    19 1 17  1  57 15 54  1
    16 2 18  2  58 17 56  1
    9 4 8  2  44 20 43  1
    3 4 9  2  19 20 44  1
    11 5 10  2  47 21 45  1
    4 5 11  2  20 21 47  1
    13 6 12  2  49 23 48  1
    5 6 13  2  22 23 49  1
    14 1 19  1  50 15 57  1
    0 1 14  1  14 15 50  1
    1 2 16  2  16 17 52  1
    18 3 7  2  59 18 40  1
    2 3 18  2  17 18 55  1
  tverts 61
    0.0 0.0 0
    0.1534 0.0 0
    0.21613 0.0 0
    0.250033 0.0 0
    0.26708 0.0 0
    0.280622 0.0 0
    0.297833 0.0 0
    0.413647 0.0 0
    0.429983 0.0 0
    0.570028 0.0 0
    0.586353 0.0 0
    0.702167 0.0 0
    0.719378 0.0 0
    0.73292 0.0 0
    0.0 0.0 0
    0.111284 0.0 0
    0.22205 0.0 0
    0.333333 0.0 0
    0.444617 0.0 0
    0.555383 0.0 0
    0.666667 0.0 0
    0.77795 0.0 0
    0.888716 0.0 0
    1.0 0.0 0
    0.0 1.0 0
    0.111284 1.0 0
    0.22205 1.0 0
    0.333333 1.0 0
    0.444617 1.0 0
    0.555383 1.0 0
    0.666667 1.0 0
    0.77795 1.0 0
    0.888716 1.0 0
    1.0 1.0 0
    0.111284 0.6105 0
    0.22205 0.6105 0
    0.0698054 0.627273 0
    0.0 0.6555 0
    0.333333 0.5585 0
    0.28663 0.580323 0
    0.444617 0.4995 0
    0.555383 0.4995 0
    0.392022 0.527384 0
    0.666667 0.4415 0
    0.607922 0.472117 0
    0.77795 0.3895 0
    0.888716 0.3895 0
    0.71337 0.419677 0
    1.0 0.3445 0
    0.930195 0.372727 0
    0.0421195 0.378487 0
    0.0 0.36133 0
    0.269524 0.426609 0
    0.22205 0.40492 0
    0.111284 0.40492 0
    0.386934 0.481665 0
    0.333333 0.454698 0
    0.0851547 0.395148 0
    0.297973 0.439377 0
    0.396086 0.486629 0
    0.433465 0.505413 0
endnode
#Tile trimesh node
node trimesh Object303
  parent TDC01_G04_01
  position -4.86 2.18 -0.75
  orientation  0.0 0.0 0.0  0.0
  wirecolor 0.694118 0.109804 0.584314 
  tilefade 1
  scale 1.0
  render 1
  Shadow 0
  beaming 0
  inheritcolor 0
  rotatetexture 0
  alpha 1.0
  transparencyhint 0
  selfillumcolor 0.0 0.0 0.0 
  ambient 1.0 1.0 1.0 
  diffuse 1.0 1.0 1.0 
  specular 0.0 0.0 0.0 
  shininess 1
  center 817.5 -552.5 559.5 
  bitmap TDC01_trim00
  verts 28
    9.96 -3.75 7.24
    9.96 -3.98 7.15
    9.96 -3.98 5.37
    9.96 -3.77 5.22
    9.96 -3.75 5.01
    9.96 -3.97 4.86
    9.96 -4.49 4.86
    9.96 -4.8 3.95
    9.93 -7.34 3.95
    6.63 -3.95 7.15
    6.49 -3.8 7.21
    6.42 -3.72 7.24
    6.63 -3.95 5.37
    6.63 -3.95 6.58
    6.42 -3.74 5.22
    6.56 -3.88 5.32
    6.39 -3.72 5.01
    6.41 -3.73 5.15
    6.62 -3.94 4.86
    6.48 -3.8 4.96
    7.14 -4.46 4.86
    6.77 -4.1 4.86
    7.45 -4.77 3.95
    7.23 -4.55 4.62
    7.92 -5.23 3.95
    6.4 -3.71 7.24
    6.42 -3.72 7.24
    6.42 -3.72 7.24
  faces 26
    0 10 11  4  24 60 61  2
    1 13 9  2  1 66 58  2
    2 15 12  4  2 70 64  2
    3 17 14  2  3 74 68  2
    4 19 16  4  4 78 72  2
    5 21 18  2  5 82 76  2
    6 23 20  4  6 86 80  2
    7 24 22  2  7 89 84  2
    25 0 11  2  90 54 62  2
    26 0 25  2  92 56 91  2
    27 0 26  2  94 0 93  2
    10 1 9  4  59 22 57  2
    0 1 10  4  21 22 59  2
    13 2 12  2  65 28 63  2
    1 2 13  2  27 28 65  2
    15 3 14  4  69 32 67  2
    2 3 15  4  31 32 69  2
    17 4 16  2  73 36 71  2
    3 4 17  2  35 36 73  2
    19 5 18  4  77 40 75  2
    4 5 19  4  39 40 77  2
    21 6 20  2  81 44 79  2
    5 6 21  2  43 44 81  2
    23 7 22  4  85 48 83  2
    6 7 23  4  47 48 85  2
    7 8 24  2  51 8 88  2
  tverts 95
    4.03483 2.9985 0
    4.03483 1.03467 0
    4.03483 1.56757 0
    4.03483 1.61328 0
    4.03483 1.67542 0
    -2.03483 2.80572 0
    4.03483 1.71985 0
    -2.03483 2.07555 0
    -2.03483 0.00149927 0
    -2.03483 2.9985 0
    -2.03483 1.03467 0
    -2.03483 1.56757 0
    -2.03483 1.61328 0
    -2.03483 1.67542 0
    4.03483 2.80572 0
    -2.03483 1.71985 0
    4.03483 2.07555 0
    4.03483 0.00149873 0
    -2.03483 2.9985 0
    -2.03483 2.9985 0
    -2.03483 2.9985 0
    4.03483 1.00672 0
    4.03483 1.03467 0
    -2.03483 1.03467 0
    4.03483 1.00672 0
    -2.03483 1.03467 0
    -2.03483 1.00672 0
    4.03483 1.03467 0
    4.03483 1.56757 0
    -2.03483 1.56757 0
    -2.03483 1.56757 0
    4.03483 1.56757 0
    4.03483 1.61328 0
    -2.03483 1.61328 0
    -2.03483 1.61328 0
    4.03483 1.61328 0
    4.03483 1.67542 0
    -2.03483 1.67542 0
    -2.03483 1.67542 0
    4.03483 1.67542 0
    4.03483 1.7202 0
    -2.03483 1.7202 0
    -2.03483 1.7202 0
    -2.03483 2.80572 0
    -2.03483 2.34734 0
    4.03483 2.34734 0
    4.03483 2.34734 0
    4.03483 1.71985 0
    4.03483 1.99328 0
    -2.03483 1.99327 0
    -2.03483 1.99327 0
    -2.03483 2.07555 0
    4.03483 0.00149873 0
    -2.03483 2.9985 0
    4.03483 2.9985 0
    -2.03483 2.9985 0
    4.03483 2.9985 0
    2.08343 1.03467 0
    2.08343 1.03467 0
    1.99084 1.01613 0
    1.99084 1.01613 0
    1.94383 1.00672 0
    1.94383 2.9985 0
    2.08343 1.56757 0
    2.08343 1.56757 0
    2.08343 1.206 0
    2.08343 1.206 0
    1.95597 1.61328 0
    1.95597 1.61328 0
    2.04158 1.58258 0
    2.04158 1.58258 0
    1.94383 1.67542 0
    1.94383 1.67542 0
    1.95181 1.63461 0
    1.95181 1.63461 0
    2.07736 1.7202 0
    -0.0773641 2.80572 0
    1.98884 1.69051 0
    1.98884 1.69051 0
    -0.392986 2.34734 0
    2.39299 1.71985 0
    -0.174121 2.6652 0
    -0.174121 2.6652 0
    2.58115 1.99328 0
    -0.581146 2.07555 0
    2.44235 1.79159 0
    2.44235 1.79159 0
    -2.00752 0.00149927 0
    -0.857758 1.67334 0
    -0.857758 1.67334 0
    1.94383 2.9985 0
    1.94383 2.9985 0
    1.94383 2.9985 0
    1.94383 2.9985 0
    1.94383 2.9985 0
endnode
#Tile trimesh node
node trimesh Object302
  parent TDC01_G04_01
  position -4.86 2.2 -0.75
  orientation  0.0 0.0 0.0  0.0
  wirecolor 0.694118 0.109804 0.584314 
  tilefade 1
  scale 1.0
  render 1
  Shadow 0
  beaming 0
  inheritcolor 0
  rotatetexture 0
  alpha 1.0
  transparencyhint 0
  selfillumcolor 0.0 0.0 0.0 
  ambient 1.0 1.0 1.0 
  diffuse 1.0 1.0 1.0 
  specular 0.0 0.0 0.0 
  shininess 1
  center 812.0 113.0 559.5 
  bitmap TDC01_trim00
  verts 34
    9.96 2.79 3.95
    9.96 0.43 3.95
    9.96 0.1 4.86
    9.96 -0.42 4.86
    9.96 -0.63 5.01
    9.96 -0.61 5.22
    9.96 -0.4 5.37
    9.96 -0.4 7.15
    9.96 -0.63 7.24
    9.94 2.89 3.95
    9.95 2.79 3.95
    7.32 0.34 4.19
    7.4 0.42 3.95
    6.91 -0.04 4.86
    7.08 0.12 4.86
    6.43 -0.49 4.91
    6.5 -0.42 4.86
    6.29 -0.62 5.09
    6.28 -0.63 5.01
    6.38 -0.53 5.27
    6.3 -0.61 5.22
    6.53 -0.4 5.98
    6.53 -0.4 5.37
    6.44 -0.48 7.18
    6.53 -0.4 7.15
    7.56 0.57 3.95
    7.11 0.15 4.77
    6.59 -0.34 4.86
    6.32 -0.59 4.98
    6.3 -0.61 5.18
    6.49 -0.43 5.34
    6.53 -0.4 6.86
    6.32 -0.59 7.22
    6.28 -0.63 7.24
  faces 32
    0 9 10  1  0 80 82  2
    1 11 12  4  1 83 85  2
    2 13 14  2  2 87 89  2
    3 15 16  4  3 91 93  2
    4 17 18  2  4 95 97  2
    5 19 20  4  5 99 101  2
    6 21 22  2  6 103 105  2
    7 23 24  4  7 107 109  2
    25 1 12  1  111 19 86  2
    26 2 14  4  112 23 90  2
    27 3 16  2  113 27 94  2
    28 4 18  4  114 31 98  2
    29 5 20  2  115 35 102  2
    30 6 22  4  116 39 106  2
    31 7 24  2  117 43 110  2
    32 8 33  4  118 8 119  2
    9 1 25  1  81 19 111  2
    0 1 9  1  18 19 81  2
    11 2 26  4  84 23 112  2
    1 2 11  4  22 23 84  2
    13 3 27  2  88 27 113  2
    2 3 13  2  26 27 88  2
    15 4 28  4  92 31 114  2
    3 4 15  4  30 31 92  2
    17 5 29  2  96 35 115  2
    4 5 17  2  34 35 96  2
    19 6 30  4  100 39 116  2
    5 6 19  4  38 39 100  2
    21 7 31  2  104 43 117  2
    6 7 21  2  42 43 104  2
    23 8 32  4  108 8 118  2
    7 8 23  4  46 8 108  2
  tverts 120
    -2.03424 8.72809 0
    -2.03424 1.99356 0
    -2.03424 6.38225 0
    -2.03424 1.72049 0
    -2.03424 1.67571 0
    -2.03424 1.61357 0
    -2.03424 1.56786 0
    -2.03424 1.03496 0
    -2.03395 1.00687 0
    4.03541 8.72809 0
    4.03541 1.99356 0
    4.03541 6.38225 0
    4.03541 1.72049 0
    4.03541 1.67571 0
    4.03541 1.61357 0
    4.03541 1.56786 0
    4.03541 1.03496 0
    4.0357 1.00687 0
    -2.03424 8.72809 0
    -2.03424 6.65404 0
    4.03541 6.65404 0
    4.03541 6.65404 0
    -2.03424 1.99356 0
    -2.03424 1.72014 0
    4.03541 1.72014 0
    4.03541 1.72014 0
    -2.03424 6.38225 0
    -2.03424 5.92386 0
    4.03541 5.92386 0
    4.03541 5.92386 0
    -2.03424 1.72049 0
    -2.03424 1.67571 0
    4.03541 1.67571 0
    4.03541 1.67571 0
    -2.03424 1.67571 0
    -2.03424 1.61357 0
    4.03541 1.61357 0
    4.03541 1.61357 0
    -2.03424 1.61357 0
    -2.03424 1.56786 0
    4.03541 1.56786 0
    4.03541 1.56786 0
    -2.03424 1.56786 0
    -2.03424 1.03496 0
    4.03541 1.03496 0
    4.03541 1.03496 0
    -2.03424 1.03496 0
    4.0357 1.00687 0
    2.57566 6.65404 0
    2.57566 1.99356 0
    2.85438 7.05761 0
    2.85438 7.05761 0
    4.0081 8.72809 0
    2.39357 1.72014 0
    2.39357 6.38225 0
    2.44139 1.79195 0
    2.44139 1.79195 0
    2.07188 5.92386 0
    2.07188 1.72049 0
    2.17071 6.06469 0
    2.17071 6.06469 0
    1.94442 1.67571 0
    1.94442 1.67571 0
    1.98742 1.69082 0
    1.98742 1.69082 0
    1.95656 1.61357 0
    1.95656 1.61357 0
    1.95239 1.6349 0
    1.95239 1.6349 0
    2.08402 1.56786 0
    2.08402 1.56786 0
    2.04216 1.58287 0
    2.04216 1.58287 0
    2.08402 1.03496 0
    2.08402 1.03496 0
    2.08402 1.20629 0
    2.08402 1.20629 0
    1.9447 1.00687 0
    1.99162 1.01633 0
    1.99162 1.01633 0
    -2.02697 8.72561 0
    -2.02697 8.72561 0
    -2.02881 8.72809 0
    -0.446903 1.92206 0
    -0.446903 1.92206 0
    -0.497143 1.99356 0
    -0.497143 6.65404 0
    -0.200309 6.24375 0
    -0.200309 6.24375 0
    -0.302649 6.38225 0
    -0.302649 1.72014 0
    0.0853673 1.70485 0
    0.0853673 1.70485 0
    0.0407904 1.72049 0
    0.0407904 5.92386 0
    0.17069 1.65314 0
    0.17069 1.65314 0
    0.176803 1.67571 0
    0.176803 1.67571 0
    0.113073 1.5974 0
    0.113073 1.5974 0
    0.163852 1.61357 0
    0.163852 1.61357 0
    0.0278352 1.38682 0
    0.0278352 1.38682 0
    0.027835 1.56786 0
    0.027835 1.56786 0
    0.0780289 1.02519 0
    0.0780289 1.02519 0
    0.0278352 1.03496 0
    0.0278352 1.03496 0
    -0.589377 6.77332 0
    -0.322727 1.7476 0
    -0.0112915 5.99161 0
    0.148986 1.68391 0
    0.164889 1.62534 0
    0.0479689 1.57553 0
    0.0278352 1.12075 0
    0.148158 1.012 0
    0.177088 1.00687 0
endnode
#Tile trimesh node
node trimesh Object301
  parent TDC01_G04_01
  position -10.11 2.2 -0.75
  orientation  0.0 0.0 0.0  0.0
  wirecolor 0.694118 0.109804 0.584314 
  tilefade 1
  scale 1.0
  render 1
  Shadow 0
  beaming 0
  inheritcolor 0
  rotatetexture 0
  alpha 1.0
  transparencyhint 0
  selfillumcolor 0.0 0.0 0.0 
  ambient 1.0 1.0 1.0 
  diffuse 1.0 1.0 1.0 
  specular 0.0 0.0 0.0 
  shininess 1
  center 751.5 -217.5 759.5 
  bitmap TDc01_FLRcrack
  verts 20
    4.88 -0.63 7.22
    4.88 -1.07 7.64
    4.88 -1.59 7.89
    4.88 -2.2 7.97
    4.89 -2.79 7.89
    4.89 -3.31 7.64
    4.88 -3.76 7.23
    10.15 -2.14 7.94
    9.54 -2.75 7.84
    9.85 -2.45 7.9
    9.02 -3.27 7.59
    9.33 -2.97 7.74
    8.54 -3.75 7.23
    8.86 -3.44 7.48
    8.81 -0.78 7.38
    8.62 -0.6 7.23
    9.47 -1.45 7.77
    9.28 -1.26 7.69
    9.81 -1.79 7.88
    8.98 -0.95 7.54
  faces 18
    14 0 15  1  50 14 51  1
    16 1 17  2  52 16 53  1
    9 3 7  2  44 19 41  1
    11 4 8  2  47 20 43  1
    13 5 10  2  49 22 46  1
    1 19 17  1  15 57 54  1
    2 16 18  2  17 58 56  1
    4 9 8  2  20 44 43  1
    4 3 9  2  20 19 44  1
    5 11 10  2  21 47 45  1
    5 4 11  2  21 20 47  1
    6 13 12  2  23 49 48  1
    6 5 13  2  23 22 49  1
    1 14 19  1  15 50 57  1
    1 0 14  1  15 14 50  1
    2 1 16  2  17 16 52  1
    3 18 7  2  18 59 40  1
    3 2 18  2  18 17 55  1
  tverts 61
    0.0 0.0 0
    0.1534 0.0 0
    0.21613 0.0 0
    0.250033 0.0 0
    0.26708 0.0 0
    0.280622 0.0 0
    0.297833 0.0 0
    0.413647 0.0 0
    0.429983 0.0 0
    0.570028 0.0 0
    0.586353 0.0 0
    0.702167 0.0 0
    0.719378 0.0 0
    0.73292 0.0 0
    0.0 0.0 0
    0.111284 0.0 0
    0.22205 0.0 0
    0.333333 0.0 0
    0.444617 0.0 0
    0.555383 0.0 0
    0.666667 0.0 0
    0.77795 0.0 0
    0.888716 0.0 0
    1.0 0.0 0
    0.0 1.0 0
    0.111284 1.0 0
    0.22205 1.0 0
    0.333333 1.0 0
    0.444617 1.0 0
    0.555383 1.0 0
    0.666667 1.0 0
    0.77795 1.0 0
    0.888716 1.0 0
    1.0 1.0 0
    0.111284 0.6105 0
    0.22205 0.6105 0
    0.0698054 0.627273 0
    0.0 0.6555 0
    0.333333 0.5585 0
    0.28663 0.580323 0
    0.444617 0.4995 0
    0.555383 0.4995 0
    0.392022 0.527384 0
    0.666667 0.4415 0
    0.607922 0.472117 0
    0.77795 0.3895 0
    0.888716 0.3895 0
    0.71337 0.419677 0
    1.0 0.3445 0
    0.930195 0.372727 0
    0.0421195 0.378487 0
    0.0 0.36133 0
    0.269524 0.426609 0
    0.22205 0.40492 0
    0.111284 0.40492 0
    0.386934 0.481665 0
    0.333333 0.454698 0
    0.0851547 0.395148 0
    0.297973 0.439377 0
    0.396086 0.486629 0
    0.433465 0.505413 0
endnode
#Tile trimesh node
node trimesh Object300
  parent TDC01_G04_01
  position -10.06 2.18 -0.75
  orientation  0.0 0.0 0.0  0.0
  wirecolor 0.694118 0.109804 0.584314 
  tilefade 1
  scale 1.0
  render 1
  Shadow 0
  beaming 0
  inheritcolor 0
  rotatetexture 0
  alpha 1.0
  transparencyhint 0
  selfillumcolor 0.0 0.0 0.0 
  ambient 1.0 1.0 1.0 
  diffuse 1.0 1.0 1.0 
  specular 0.0 0.0 0.0 
  shininess 1
  center 668.0 -548.5 559.5 
  bitmap TDC01_trim00
  verts 28
    4.88 -3.72 7.24
    4.88 -3.95 7.15
    4.88 -3.95 5.37
    4.88 -3.74 5.22
    4.88 -3.72 5.01
    4.88 -3.94 4.86
    4.88 -4.46 4.86
    4.88 -4.77 3.95
    4.86 -7.26 3.95
    8.26 -3.95 7.15
    8.4 -3.8 7.21
    8.47 -3.72 7.24
    8.26 -3.95 5.37
    8.26 -3.95 6.58
    8.47 -3.74 5.22
    8.33 -3.88 5.32
    8.5 -3.72 5.01
    8.48 -3.73 5.15
    8.27 -3.94 4.86
    8.41 -3.8 4.96
    7.75 -4.46 4.86
    8.12 -4.1 4.86
    7.44 -4.77 3.95
    7.66 -4.55 4.62
    6.97 -5.23 3.95
    8.49 -3.71 7.24
    8.47 -3.72 7.24
    8.47 -3.72 7.24
  faces 26
    10 0 11  4  60 24 61  2
    13 1 9  2  66 1 58  2
    15 2 12  4  70 2 64  2
    17 3 14  2  74 3 68  2
    19 4 16  4  78 4 72  2
    21 5 18  2  82 5 76  2
    23 6 20  4  86 6 80  2
    24 7 22  2  89 7 84  2
    0 25 11  2  54 90 62  2
    0 26 25  2  56 92 91  2
    0 27 26  2  0 94 93  2
    1 10 9  4  22 59 57  2
    1 0 10  4  22 21 59  2
    2 13 12  2  28 65 63  2
    2 1 13  2  28 27 65  2
    3 15 14  4  32 69 67  2
    3 2 15  4  32 31 69  2
    4 17 16  2  36 73 71  2
    4 3 17  2  36 35 73  2
    5 19 18  4  40 77 75  2
    5 4 19  4  40 39 77  2
    6 21 20  2  44 81 79  2
    6 5 21  2  44 43 81  2
    7 23 22  4  48 85 83  2
    7 6 23  4  48 47 85  2
    8 7 24  2  8 51 88  2
  tverts 95
    4.03483 2.9985 0
    4.03483 1.03467 0
    4.03483 1.56757 0
    4.03483 1.61328 0
    4.03483 1.67542 0
    -2.03483 2.80572 0
    4.03483 1.71985 0
    -2.03483 2.07555 0
    -2.03483 0.00149927 0
    -2.03483 2.9985 0
    -2.03483 1.03467 0
    -2.03483 1.56757 0
    -2.03483 1.61328 0
    -2.03483 1.67542 0
    4.03483 2.80572 0
    -2.03483 1.71985 0
    4.03483 2.07555 0
    4.03483 0.00149873 0
    -2.03483 2.9985 0
    -2.03483 2.9985 0
    -2.03483 2.9985 0
    4.03483 1.00672 0
    4.03483 1.03467 0
    -2.03483 1.03467 0
    4.03483 1.00672 0
    -2.03483 1.03467 0
    -2.03483 1.00672 0
    4.03483 1.03467 0
    4.03483 1.56757 0
    -2.03483 1.56757 0
    -2.03483 1.56757 0
    4.03483 1.56757 0
    4.03483 1.61328 0
    -2.03483 1.61328 0
    -2.03483 1.61328 0
    4.03483 1.61328 0
    4.03483 1.67542 0
    -2.03483 1.67542 0
    -2.03483 1.67542 0
    4.03483 1.67542 0
    4.03483 1.7202 0
    -2.03483 1.7202 0
    -2.03483 1.7202 0
    -2.03483 2.80572 0
    -2.03483 2.34734 0
    4.03483 2.34734 0
    4.03483 2.34734 0
    4.03483 1.71985 0
    4.03483 1.99328 0
    -2.03483 1.99327 0
    -2.03483 1.99327 0
    -2.03483 2.07555 0
    4.03483 0.00149873 0
    -2.03483 2.9985 0
    4.03483 2.9985 0
    -2.03483 2.9985 0
    4.03483 2.9985 0
    2.08343 1.03467 0
    2.08343 1.03467 0
    1.99084 1.01613 0
    1.99084 1.01613 0
    1.94383 1.00672 0
    1.94383 2.9985 0
    2.08343 1.56757 0
    2.08343 1.56757 0
    2.08343 1.206 0
    2.08343 1.206 0
    1.95597 1.61328 0
    1.95597 1.61328 0
    2.04158 1.58258 0
    2.04158 1.58258 0
    1.94383 1.67542 0
    1.94383 1.67542 0
    1.95181 1.63461 0
    1.95181 1.63461 0
    2.07736 1.7202 0
    -0.0773641 2.80572 0
    1.98884 1.69051 0
    1.98884 1.69051 0
    -0.392986 2.34734 0
    2.39299 1.71985 0
    -0.174121 2.6652 0
    -0.174121 2.6652 0
    2.58115 1.99328 0
    -0.581146 2.07555 0
    2.44235 1.79159 0
    2.44235 1.79159 0
    -2.00752 0.00149927 0
    -0.857758 1.67334 0
    -0.857758 1.67334 0
    1.94383 2.9985 0
    1.94383 2.9985 0
    1.94383 2.9985 0
    1.94383 2.9985 0
    1.94383 2.9985 0
endnode
#Tile trimesh node
node trimesh Object02
  parent TDC01_G04_01
  position -10.06 2.2 -0.75
  orientation  0.0 0.0 0.0  0.0
  wirecolor 0.694118 0.109804 0.584314 
  tilefade 1
  scale 1.0
  render 1
  Shadow 0
  beaming 0
  inheritcolor 0
  rotatetexture 0
  alpha 1.0
  transparencyhint 0
  selfillumcolor 0.0 0.0 0.0 
  ambient 1.0 1.0 1.0 
  diffuse 1.0 1.0 1.0 
  specular 0.0 0.0 0.0 
  shininess 1
  center 671.5 113.0 559.5 
  bitmap TDC01_trim00
  verts 34
    4.88 2.79 3.95
    4.88 0.43 3.95
    4.88 0.13 4.86
    4.88 -0.41 4.86
    4.88 -0.62 5.01
    4.88 -0.6 5.22
    4.88 -0.39 5.37
    4.88 -0.39 7.15
    4.88 -0.62 7.24
    4.94 2.88 3.96
    4.88 2.79 3.95
    7.51 0.37 4.19
    7.48 0.43 3.95
    7.92 -0.03 4.86
    7.76 0.12 4.86
    8.4 -0.47 4.91
    8.33 -0.4 4.86
    8.54 -0.6 5.09
    8.55 -0.62 5.01
    8.45 -0.52 5.27
    8.53 -0.59 5.22
    8.31 -0.38 5.98
    8.31 -0.38 5.37
    8.39 -0.46 7.18
    8.31 -0.38 7.15
    7.32 0.58 3.95
    7.73 0.15 4.77
    8.24 -0.32 4.86
    8.51 -0.57 4.98
    8.53 -0.6 5.18
    8.34 -0.41 5.34
    8.31 -0.38 6.86
    8.51 -0.57 7.22
    8.55 -0.62 7.24
  faces 32
    9 0 10  1  80 0 82  2
    11 1 12  4  83 1 85  2
    13 2 14  2  87 2 89  2
    15 3 16  4  91 3 93  2
    17 4 18  2  95 4 97  2
    19 5 20  4  99 5 101  2
    21 6 22  2  103 6 105  2
    23 7 24  4  107 7 109  2
    1 25 12  1  19 111 86  2
    2 26 14  4  23 112 90  2
    3 27 16  2  27 113 94  2
    4 28 18  4  31 114 98  2
    5 29 20  2  35 115 102  2
    6 30 22  4  39 116 106  2
    7 31 24  2  43 117 110  2
    8 32 33  4  8 118 119  2
    1 9 25  1  19 81 111  2
    1 0 9  1  19 18 81  2
    2 11 26  4  23 84 112  2
    2 1 11  4  23 22 84  2
    3 13 27  2  27 88 113  2
    3 2 13  2  27 26 88  2
    4 15 28  4  31 92 114  2
    4 3 15  4  31 30 92  2
    5 17 29  2  35 96 115  2
    5 4 17  2  35 34 96  2
    6 19 30  4  39 100 116  2
    6 5 19  4  39 38 100  2
    7 21 31  2  43 104 117  2
    7 6 21  2  43 42 104  2
    8 23 32  4  8 108 118  2
    8 7 23  4  8 46 108  2
  tverts 120
    -2.03424 8.72809 0
    -2.03424 1.99356 0
    -2.03424 6.38225 0
    -2.03424 1.72049 0
    -2.03424 1.67571 0
    -2.03424 1.61357 0
    -2.03424 1.56786 0
    -2.03424 1.03496 0
    -2.03395 1.00687 0
    4.03541 8.72809 0
    4.03541 1.99356 0
    4.03541 6.38225 0
    4.03541 1.72049 0
    4.03541 1.67571 0
    4.03541 1.61357 0
    4.03541 1.56786 0
    4.03541 1.03496 0
    4.0357 1.00687 0
    -2.03424 8.72809 0
    -2.03424 6.65404 0
    4.03541 6.65404 0
    4.03541 6.65404 0
    -2.03424 1.99356 0
    -2.03424 1.72014 0
    4.03541 1.72014 0
    4.03541 1.72014 0
    -2.03424 6.38225 0
    -2.03424 5.92386 0
    4.03541 5.92386 0
    4.03541 5.92386 0
    -2.03424 1.72049 0
    -2.03424 1.67571 0
    4.03541 1.67571 0
    4.03541 1.67571 0
    -2.03424 1.67571 0
    -2.03424 1.61357 0
    4.03541 1.61357 0
    4.03541 1.61357 0
    -2.03424 1.61357 0
    -2.03424 1.56786 0
    4.03541 1.56786 0
    4.03541 1.56786 0
    -2.03424 1.56786 0
    -2.03424 1.03496 0
    4.03541 1.03496 0
    4.03541 1.03496 0
    -2.03424 1.03496 0
    4.0357 1.00687 0
    2.57566 6.65404 0
    2.57566 1.99356 0
    2.85438 7.05761 0
    2.85438 7.05761 0
    4.0081 8.72809 0
    2.39357 1.72014 0
    2.39357 6.38225 0
    2.44139 1.79195 0
    2.44139 1.79195 0
    2.07188 5.92386 0
    2.07188 1.72049 0
    2.17071 6.06469 0
    2.17071 6.06469 0
    1.94442 1.67571 0
    1.94442 1.67571 0
    1.98742 1.69082 0
    1.98742 1.69082 0
    1.95656 1.61357 0
    1.95656 1.61357 0
    1.95239 1.6349 0
    1.95239 1.6349 0
    2.08402 1.56786 0
    2.08402 1.56786 0
    2.04216 1.58287 0
    2.04216 1.58287 0
    2.08402 1.03496 0
    2.08402 1.03496 0
    2.08402 1.20629 0
    2.08402 1.20629 0
    1.9447 1.00687 0
    1.99162 1.01633 0
    1.99162 1.01633 0
    -2.02697 8.72561 0
    -2.02697 8.72561 0
    -2.02881 8.72809 0
    -0.446903 1.92206 0
    -0.446903 1.92206 0
    -0.497143 1.99356 0
    -0.497143 6.65404 0
    -0.200309 6.24375 0
    -0.200309 6.24375 0
    -0.302649 6.38225 0
    -0.302649 1.72014 0
    0.0853673 1.70485 0
    0.0853673 1.70485 0
    0.0407904 1.72049 0
    0.0407904 5.92386 0
    0.17069 1.65314 0
    0.17069 1.65314 0
    0.176803 1.67571 0
    0.176803 1.67571 0
    0.113073 1.5974 0
    0.113073 1.5974 0
    0.163852 1.61357 0
    0.163852 1.61357 0
    0.0278352 1.38682 0
    0.0278352 1.38682 0
    0.027835 1.56786 0
    0.027835 1.56786 0
    0.0780289 1.02519 0
    0.0780289 1.02519 0
    0.0278352 1.03496 0
    0.0278352 1.03496 0
    -0.589377 6.77332 0
    -0.322727 1.7476 0
    -0.0112915 5.99161 0
    0.148986 1.68391 0
    0.164889 1.62534 0
    0.0479689 1.57553 0
    0.0278352 1.12075 0
    0.148158 1.012 0
    0.177088 1.00687 0
endnode
#Tile trimesh node
node trimesh Object294
  parent TDC01_G04_01
  position 2.14 4.82 -0.75
  orientation  0.0 0.0 0.0  0.0
  wirecolor 0.694118 0.109804 0.584314 
  tilefade 1
  scale 1.0
  render 1
  Shadow 0
  beaming 0
  inheritcolor 0
  rotatetexture 0
  alpha 1.0
  transparencyhint 0
  selfillumcolor 0.0 0.0 0.0 
  ambient 1.0 1.0 1.0 
  diffuse 1.0 1.0 1.0 
  specular 0.0 0.0 0.0 
  shininess 1
  center -553.0 -815.0 559.5 
  bitmap TDC01_trim00
  verts 28
    -3.71 -9.96 7.24
    -3.94 -9.96 7.15
    -3.94 -9.96 5.37
    -3.73 -9.96 5.22
    -3.71 -9.96 5.01
    -3.93 -9.96 4.86
    -4.46 -9.96 4.86
    -4.77 -9.96 3.95
    -7.35 -9.85 3.95
    -3.95 -6.58 7.15
    -3.8 -6.44 7.21
    -3.72 -6.37 7.24
    -3.95 -6.58 5.37
    -3.95 -6.58 6.58
    -3.74 -6.37 5.22
    -3.88 -6.51 5.32
    -3.72 -6.34 5.01
    -3.73 -6.36 5.15
    -3.94 -6.57 4.86
    -3.8 -6.43 4.96
    -4.46 -7.09 4.86
    -4.1 -6.72 4.86
    -4.77 -7.4 3.95
    -4.55 -7.18 4.62
    -5.23 -7.87 3.95
    -3.71 -6.35 7.24
    -3.72 -6.37 7.24
    -3.72 -6.37 7.24
  faces 26
    0 10 11  4  24 60 61  2
    1 13 9  2  1 66 58  2
    2 15 12  4  2 70 64  2
    3 17 14  2  3 74 68  2
    4 19 16  4  4 78 72  2
    5 21 18  2  5 82 76  2
    6 23 20  4  6 86 80  2
    7 24 22  2  7 89 84  2
    25 0 11  2  90 54 62  2
    26 0 25  2  92 56 91  2
    27 0 26  2  94 0 93  2
    10 1 9  4  59 22 57  2
    0 1 10  4  21 22 59  2
    13 2 12  2  65 28 63  2
    1 2 13  2  27 28 65  2
    15 3 14  4  69 32 67  2
    2 3 15  4  31 32 69  2
    17 4 16  2  73 36 71  2
    3 4 17  2  35 36 73  2
    19 5 18  4  77 40 75  2
    4 5 19  4  39 40 77  2
    21 6 20  2  81 44 79  2
    5 6 21  2  43 44 81  2
    23 7 22  4  85 48 83  2
    6 7 23  4  47 48 85  2
    7 8 24  2  51 8 88  2
  tverts 95
    4.03483 2.9985 0
    4.03483 1.03467 0
    4.03483 1.56757 0
    4.03483 1.61328 0
    4.03483 1.67542 0
    -2.03483 2.80572 0
    4.03483 1.71985 0
    -2.03483 2.07555 0
    -2.03483 0.00149927 0
    -2.03483 2.9985 0
    -2.03483 1.03467 0
    -2.03483 1.56757 0
    -2.03483 1.61328 0
    -2.03483 1.67542 0
    4.03483 2.80572 0
    -2.03483 1.71985 0
    4.03483 2.07555 0
    4.03483 0.00149873 0
    -2.03483 2.9985 0
    -2.03483 2.9985 0
    -2.03483 2.9985 0
    4.03483 1.00672 0
    4.03483 1.03467 0
    -2.03483 1.03467 0
    4.03483 1.00672 0
    -2.03483 1.03467 0
    -2.03483 1.00672 0
    4.03483 1.03467 0
    4.03483 1.56757 0
    -2.03483 1.56757 0
    -2.03483 1.56757 0
    4.03483 1.56757 0
    4.03483 1.61328 0
    -2.03483 1.61328 0
    -2.03483 1.61328 0
    4.03483 1.61328 0
    4.03483 1.67542 0
    -2.03483 1.67542 0
    -2.03483 1.67542 0
    4.03483 1.67542 0
    4.03483 1.7202 0
    -2.03483 1.7202 0
    -2.03483 1.7202 0
    -2.03483 2.80572 0
    -2.03483 2.34734 0
    4.03483 2.34734 0
    4.03483 2.34734 0
    4.03483 1.71985 0
    4.03483 1.99328 0
    -2.03483 1.99327 0
    -2.03483 1.99327 0
    -2.03483 2.07555 0
    4.03483 0.00149873 0
    -2.03483 2.9985 0
    4.03483 2.9985 0
    -2.03483 2.9985 0
    4.03483 2.9985 0
    2.08343 1.03467 0
    2.08343 1.03467 0
    1.99084 1.01613 0
    1.99084 1.01613 0
    1.94383 1.00672 0
    1.94383 2.9985 0
    2.08343 1.56757 0
    2.08343 1.56757 0
    2.08343 1.206 0
    2.08343 1.206 0
    1.95597 1.61328 0
    1.95597 1.61328 0
    2.04158 1.58258 0
    2.04158 1.58258 0
    1.94383 1.67542 0
    1.94383 1.67542 0
    1.95181 1.63461 0
    1.95181 1.63461 0
    2.07736 1.7202 0
    -0.0773641 2.80572 0
    1.98884 1.69051 0
    1.98884 1.69051 0
    -0.392986 2.34734 0
    2.39299 1.71985 0
    -0.174121 2.6652 0
    -0.174121 2.6652 0
    2.58115 1.99328 0
    -0.581146 2.07555 0
    2.44235 1.79159 0
    2.44235 1.79159 0
    -2.00752 0.00149927 0
    -0.857758 1.67334 0
    -0.857758 1.67334 0
    1.94383 2.9985 0
    1.94383 2.9985 0
    1.94383 2.9985 0
    1.94383 2.9985 0
    1.94383 2.9985 0
endnode
#Tile trimesh node
node trimesh Object295
  parent TDC01_G04_01
  position 2.16 4.82 -0.75
  orientation  0.0 0.0 0.0  0.0
  wirecolor 0.694118 0.109804 0.584314 
  tilefade 1
  scale 1.0
  render 1
  Shadow 0
  beaming 0
  inheritcolor 0
  rotatetexture 0
  alpha 1.0
  transparencyhint 0
  selfillumcolor 0.0 0.0 0.0 
  ambient 1.0 1.0 1.0 
  diffuse 1.0 1.0 1.0 
  specular 0.0 0.0 0.0 
  shininess 1
  center 112.5 -809.5 559.5 
  bitmap TDC01_trim00
  verts 34
    2.88 -9.94 3.95
    0.43 -9.96 3.95
    0.13 -9.96 4.86
    -0.4 -9.96 4.86
    -0.61 -9.96 5.01
    -0.59 -9.96 5.22
    -0.38 -9.96 5.37
    -0.38 -9.96 7.15
    -0.61 -9.96 7.24
    2.88 -9.93 3.95
    2.88 -9.93 3.95
    0.34 -7.27 4.19
    0.42 -7.35 3.95
    -0.04 -6.86 4.86
    0.11 -7.03 4.86
    -0.49 -6.38 4.91
    -0.42 -6.46 4.86
    -0.62 -6.24 5.09
    -0.63 -6.23 5.01
    -0.53 -6.34 5.27
    -0.61 -6.25 5.22
    -0.4 -6.48 5.98
    -0.4 -6.48 5.37
    -0.48 -6.39 7.18
    -0.4 -6.48 7.15
    0.57 -7.51 3.95
    0.15 -7.06 4.77
    -0.34 -6.55 4.86
    -0.59 -6.28 4.98
    -0.61 -6.25 5.18
    -0.43 -6.44 5.34
    -0.4 -6.48 6.86
    -0.59 -6.28 7.22
    -0.63 -6.23 7.24
  faces 32
    0 9 10  1  0 80 82  2
    1 11 12  4  1 83 85  2
    2 13 14  2  2 87 89  2
    3 15 16  4  3 91 93  2
    4 17 18  2  4 95 97  2
    5 19 20  4  5 99 101  2
    6 21 22  2  6 103 105  2
    7 23 24  4  7 107 109  2
    25 1 12  1  111 19 86  2
    26 2 14  4  112 23 90  2
    27 3 16  2  113 27 94  2
    28 4 18  4  114 31 98  2
    29 5 20  2  115 35 102  2
    30 6 22  4  116 39 106  2
    31 7 24  2  117 43 110  2
    32 8 33  4  118 8 119  2
    9 1 25  1  81 19 111  2
    0 1 9  1  18 19 81  2
    11 2 26  4  84 23 112  2
    1 2 11  4  22 23 84  2
    13 3 27  2  88 27 113  2
    2 3 13  2  26 27 88  2
    15 4 28  4  92 31 114  2
    3 4 15  4  30 31 92  2
    17 5 29  2  96 35 115  2
    4 5 17  2  34 35 96  2
    19 6 30  4  100 39 116  2
    5 6 19  4  38 39 100  2
    21 7 31  2  104 43 117  2
    6 7 21  2  42 43 104  2
    23 8 32  4  108 8 118  2
    7 8 23  4  46 8 108  2
  tverts 120
    -2.03424 8.72809 0
    -2.03424 1.99356 0
    -2.03424 6.38225 0
    -2.03424 1.72049 0
    -2.03424 1.67571 0
    -2.03424 1.61357 0
    -2.03424 1.56786 0
    -2.03424 1.03496 0
    -2.03395 1.00687 0
    4.03541 8.72809 0
    4.03541 1.99356 0
    4.03541 6.38225 0
    4.03541 1.72049 0
    4.03541 1.67571 0
    4.03541 1.61357 0
    4.03541 1.56786 0
    4.03541 1.03496 0
    4.0357 1.00687 0
    -2.03424 8.72809 0
    -2.03424 6.65404 0
    4.03541 6.65404 0
    4.03541 6.65404 0
    -2.03424 1.99356 0
    -2.03424 1.72014 0
    4.03541 1.72014 0
    4.03541 1.72014 0
    -2.03424 6.38225 0
    -2.03424 5.92386 0
    4.03541 5.92386 0
    4.03541 5.92386 0
    -2.03424 1.72049 0
    -2.03424 1.67571 0
    4.03541 1.67571 0
    4.03541 1.67571 0
    -2.03424 1.67571 0
    -2.03424 1.61357 0
    4.03541 1.61357 0
    4.03541 1.61357 0
    -2.03424 1.61357 0
    -2.03424 1.56786 0
    4.03541 1.56786 0
    4.03541 1.56786 0
    -2.03424 1.56786 0
    -2.03424 1.03496 0
    4.03541 1.03496 0
    4.03541 1.03496 0
    -2.03424 1.03496 0
    4.0357 1.00687 0
    2.57566 6.65404 0
    2.57566 1.99356 0
    2.85438 7.05761 0
    2.85438 7.05761 0
    4.0081 8.72809 0
    2.39357 1.72014 0
    2.39357 6.38225 0
    2.44139 1.79195 0
    2.44139 1.79195 0
    2.07188 5.92386 0
    2.07188 1.72049 0
    2.17071 6.06469 0
    2.17071 6.06469 0
    1.94442 1.67571 0
    1.94442 1.67571 0
    1.98742 1.69082 0
    1.98742 1.69082 0
    1.95656 1.61357 0
    1.95656 1.61357 0
    1.95239 1.6349 0
    1.95239 1.6349 0
    2.08402 1.56786 0
    2.08402 1.56786 0
    2.04216 1.58287 0
    2.04216 1.58287 0
    2.08402 1.03496 0
    2.08402 1.03496 0
    2.08402 1.20629 0
    2.08402 1.20629 0
    1.9447 1.00687 0
    1.99162 1.01633 0
    1.99162 1.01633 0
    -2.02697 8.72561 0
    -2.02697 8.72561 0
    -2.02881 8.72809 0
    -0.446903 1.92206 0
    -0.446903 1.92206 0
    -0.497143 1.99356 0
    -0.497143 6.65404 0
    -0.200309 6.24375 0
    -0.200309 6.24375 0
    -0.302649 6.38225 0
    -0.302649 1.72014 0
    0.0853673 1.70485 0
    0.0853673 1.70485 0
    0.0407904 1.72049 0
    0.0407904 5.92386 0
    0.17069 1.65314 0
    0.17069 1.65314 0
    0.176803 1.67571 0
    0.176803 1.67571 0
    0.113073 1.5974 0
    0.113073 1.5974 0
    0.163852 1.61357 0
    0.163852 1.61357 0
    0.0278352 1.38682 0
    0.0278352 1.38682 0
    0.027835 1.56786 0
    0.027835 1.56786 0
    0.0780289 1.02519 0
    0.0780289 1.02519 0
    0.0278352 1.03496 0
    0.0278352 1.03496 0
    -0.589377 6.77332 0
    -0.322727 1.7476 0
    -0.0112915 5.99161 0
    0.148986 1.68391 0
    0.164889 1.62534 0
    0.0479689 1.57553 0
    0.0278352 1.12075 0
    0.148158 1.012 0
    0.177088 1.00687 0
endnode
#Tile trimesh node
node trimesh Object297
  parent TDC01_G04_01
  position 2.14 10.03 -0.75
  orientation  0.0 0.0 0.0  0.0
  wirecolor 0.694118 0.109804 0.584314 
  tilefade 0
  scale 1.0
  render 1
  Shadow 1
  beaming 0
  inheritcolor 0
  rotatetexture 0
  alpha 1.0
  transparencyhint 0
  selfillumcolor 0.0 0.0 0.0 
  ambient 1.0 1.0 1.0 
  diffuse 1.0 1.0 1.0 
  specular 0.0 0.0 0.0 
  shininess 1
  center -553.5 -665.5 559.5 
  bitmap TDC01_trim00
  verts 28
    -3.72 -4.88 7.24
    -3.95 -4.88 7.15
    -3.95 -4.88 5.37
    -3.74 -4.88 5.22
    -3.72 -4.88 5.01
    -3.94 -4.88 4.86
    -4.46 -4.88 4.86
    -4.77 -4.88 3.95
    -7.36 -4.86 3.95
    -3.95 -8.21 7.15
    -3.8 -8.35 7.21
    -3.72 -8.42 7.24
    -3.95 -8.21 5.37
    -3.95 -8.21 6.58
    -3.74 -8.42 5.22
    -3.88 -8.28 5.32
    -3.72 -8.45 5.01
    -3.73 -8.43 5.15
    -3.94 -8.22 4.86
    -3.8 -8.36 4.96
    -4.46 -7.72 4.86
    -4.1 -8.07 4.86
    -4.77 -7.37 3.95
    -4.55 -7.63 4.62
    -5.24 -6.91 3.95
    -3.71 -8.44 7.24
    -3.72 -8.42 7.24
    -3.72 -8.42 7.24
  faces 26
    10 0 11  4  60 24 61  2
    13 1 9  2  66 1 58  2
    15 2 12  4  70 2 64  2
    17 3 14  2  74 3 68  2
    19 4 16  4  78 4 72  2
    21 5 18  2  82 5 76  2
    23 6 20  4  86 6 80  2
    24 7 22  2  89 7 84  2
    0 25 11  2  54 90 62  2
    0 26 25  2  56 92 91  2
    0 27 26  2  0 94 93  2
    1 10 9  4  22 59 57  2
    1 0 10  4  22 21 59  2
    2 13 12  2  28 65 63  2
    2 1 13  2  28 27 65  2
    3 15 14  4  32 69 67  2
    3 2 15  4  32 31 69  2
    4 17 16  2  36 73 71  2
    4 3 17  2  36 35 73  2
    5 19 18  4  40 77 75  2
    5 4 19  4  40 39 77  2
    6 21 20  2  44 81 79  2
    6 5 21  2  44 43 81  2
    7 23 22  4  48 85 83  2
    7 6 23  4  48 47 85  2
    8 7 24  2  8 51 88  2
  tverts 95
    4.03483 2.9985 0
    4.03483 1.03467 0
    4.03483 1.56757 0
    4.03483 1.61328 0
    4.03483 1.67542 0
    -2.03483 2.80572 0
    4.03483 1.71985 0
    -2.03483 2.07555 0
    -2.03483 0.00149927 0
    -2.03483 2.9985 0
    -2.03483 1.03467 0
    -2.03483 1.56757 0
    -2.03483 1.61328 0
    -2.03483 1.67542 0
    4.03483 2.80572 0
    -2.03483 1.71985 0
    4.03483 2.07555 0
    4.03483 0.00149873 0
    -2.03483 2.9985 0
    -2.03483 2.9985 0
    -2.03483 2.9985 0
    4.03483 1.00672 0
    4.03483 1.03467 0
    -2.03483 1.03467 0
    4.03483 1.00672 0
    -2.03483 1.03467 0
    -2.03483 1.00672 0
    4.03483 1.03467 0
    4.03483 1.56757 0
    -2.03483 1.56757 0
    -2.03483 1.56757 0
    4.03483 1.56757 0
    4.03483 1.61328 0
    -2.03483 1.61328 0
    -2.03483 1.61328 0
    4.03483 1.61328 0
    4.03483 1.67542 0
    -2.03483 1.67542 0
    -2.03483 1.67542 0
    4.03483 1.67542 0
    4.03483 1.7202 0
    -2.03483 1.7202 0
    -2.03483 1.7202 0
    -2.03483 2.80572 0
    -2.03483 2.34734 0
    4.03483 2.34734 0
    4.03483 2.34734 0
    4.03483 1.71985 0
    4.03483 1.99328 0
    -2.03483 1.99327 0
    -2.03483 1.99327 0
    -2.03483 2.07555 0
    4.03483 0.00149873 0
    -2.03483 2.9985 0
    4.03483 2.9985 0
    -2.03483 2.9985 0
    4.03483 2.9985 0
    2.08343 1.03467 0
    2.08343 1.03467 0
    1.99084 1.01613 0
    1.99084 1.01613 0
    1.94383 1.00672 0
    1.94383 2.9985 0
    2.08343 1.56757 0
    2.08343 1.56757 0
    2.08343 1.206 0
    2.08343 1.206 0
    1.95597 1.61328 0
    1.95597 1.61328 0
    2.04158 1.58258 0
    2.04158 1.58258 0
    1.94383 1.67542 0
    1.94383 1.67542 0
    1.95181 1.63461 0
    1.95181 1.63461 0
    2.07736 1.7202 0
    -0.0773641 2.80572 0
    1.98884 1.69051 0
    1.98884 1.69051 0
    -0.392986 2.34734 0
    2.39299 1.71985 0
    -0.174121 2.6652 0
    -0.174121 2.6652 0
    2.58115 1.99328 0
    -0.581146 2.07555 0
    2.44235 1.79159 0
    2.44235 1.79159 0
    -2.00752 0.00149927 0
    -0.857758 1.67334 0
    -0.857758 1.67334 0
    1.94383 2.9985 0
    1.94383 2.9985 0
    1.94383 2.9985 0
    1.94383 2.9985 0
    1.94383 2.9985 0
endnode
#Tile trimesh node
node trimesh Object298
  parent TDC01_G04_01
  position 2.16 10.03 -0.75
  orientation  0.0 0.0 0.0  0.0
  wirecolor 0.694118 0.109804 0.584314 
  tilefade 1
  scale 1.0
  render 1
  Shadow 0
  beaming 0
  inheritcolor 0
  rotatetexture 0
  alpha 1.0
  transparencyhint 0
  selfillumcolor 0.0 0.0 0.0 
  ambient 1.0 1.0 1.0 
  diffuse 1.0 1.0 1.0 
  specular 0.0 0.0 0.0 
  shininess 1
  center 113.5 -672.0 559.5 
  bitmap TDC01_trim00
  verts 34
    2.79 -4.88 3.95
    0.45 -4.88 3.95
    0.13 -4.88 4.86
    -0.4 -4.88 4.86
    -0.61 -4.88 5.01
    -0.59 -4.88 5.22
    -0.38 -4.88 5.37
    -0.38 -4.88 7.15
    -0.61 -4.88 7.24
    2.92 -4.99 3.95
    2.79 -4.89 3.95
    0.34 -7.52 4.19
    0.42 -7.44 3.95
    -0.06 -7.93 4.86
    0.09 -7.76 4.86
    -0.51 -8.41 4.91
    -0.44 -8.34 4.86
    -0.64 -8.55 5.09
    -0.65 -8.56 5.01
    -0.55 -8.46 5.27
    -0.63 -8.54 5.22
    -0.42 -8.31 5.98
    -0.42 -8.31 5.37
    -0.5 -8.4 7.18
    -0.42 -8.31 7.15
    0.57 -7.28 3.95
    0.13 -7.73 4.77
    -0.36 -8.25 4.86
    -0.61 -8.52 4.98
    -0.63 -8.54 5.18
    -0.45 -8.35 5.34
    -0.42 -8.31 6.86
    -0.61 -8.52 7.22
    -0.65 -8.56 7.24
  faces 32
    9 0 10  1  80 0 82  2
    11 1 12  4  83 1 85  2
    13 2 14  2  87 2 89  2
    15 3 16  4  91 3 93  2
    17 4 18  2  95 4 97  2
    19 5 20  4  99 5 101  2
    21 6 22  2  103 6 105  2
    23 7 24  4  107 7 109  2
    1 25 12  1  19 111 86  2
    2 26 14  4  23 112 90  2
    3 27 16  2  27 113 94  2
    4 28 18  4  31 114 98  2
    5 29 20  2  35 115 102  2
    6 30 22  4  39 116 106  2
    7 31 24  2  43 117 110  2
    8 32 33  4  8 118 119  2
    1 9 25  1  19 81 111  2
    1 0 9  1  19 18 81  2
    2 11 26  4  23 84 112  2
    2 1 11  4  23 22 84  2
    3 13 27  2  27 88 113  2
    3 2 13  2  27 26 88  2
    4 15 28  4  31 92 114  2
    4 3 15  4  31 30 92  2
    5 17 29  2  35 96 115  2
    5 4 17  2  35 34 96  2
    6 19 30  4  39 100 116  2
    6 5 19  4  39 38 100  2
    7 21 31  2  43 104 117  2
    7 6 21  2  43 42 104  2
    8 23 32  4  8 108 118  2
    8 7 23  4  8 46 108  2
  tverts 120
    -2.03424 8.72809 0
    -2.03424 1.99356 0
    -2.03424 6.38225 0
    -2.03424 1.72049 0
    -2.03424 1.67571 0
    -2.03424 1.61357 0
    -2.03424 1.56786 0
    -2.03424 1.03496 0
    -2.03395 1.00687 0
    4.03541 8.72809 0
    4.03541 1.99356 0
    4.03541 6.38225 0
    4.03541 1.72049 0
    4.03541 1.67571 0
    4.03541 1.61357 0
    4.03541 1.56786 0
    4.03541 1.03496 0
    4.0357 1.00687 0
    -2.03424 8.72809 0
    -2.03424 6.65404 0
    4.03541 6.65404 0
    4.03541 6.65404 0
    -2.03424 1.99356 0
    -2.03424 1.72014 0
    4.03541 1.72014 0
    4.03541 1.72014 0
    -2.03424 6.38225 0
    -2.03424 5.92386 0
    4.03541 5.92386 0
    4.03541 5.92386 0
    -2.03424 1.72049 0
    -2.03424 1.67571 0
    4.03541 1.67571 0
    4.03541 1.67571 0
    -2.03424 1.67571 0
    -2.03424 1.61357 0
    4.03541 1.61357 0
    4.03541 1.61357 0
    -2.03424 1.61357 0
    -2.03424 1.56786 0
    4.03541 1.56786 0
    4.03541 1.56786 0
    -2.03424 1.56786 0
    -2.03424 1.03496 0
    4.03541 1.03496 0
    4.03541 1.03496 0
    -2.03424 1.03496 0
    4.0357 1.00687 0
    2.57566 6.65404 0
    2.57566 1.99356 0
    2.85438 7.05761 0
    2.85438 7.05761 0
    4.0081 8.72809 0
    2.39357 1.72014 0
    2.39357 6.38225 0
    2.44139 1.79195 0
    2.44139 1.79195 0
    2.07188 5.92386 0
    2.07188 1.72049 0
    2.17071 6.06469 0
    2.17071 6.06469 0
    1.94442 1.67571 0
    1.94442 1.67571 0
    1.98742 1.69082 0
    1.98742 1.69082 0
    1.95656 1.61357 0
    1.95656 1.61357 0
    1.95239 1.6349 0
    1.95239 1.6349 0
    2.08402 1.56786 0
    2.08402 1.56786 0
    2.04216 1.58287 0
    2.04216 1.58287 0
    2.08402 1.03496 0
    2.08402 1.03496 0
    2.08402 1.20629 0
    2.08402 1.20629 0
    1.9447 1.00687 0
    1.99162 1.01633 0
    1.99162 1.01633 0
    -2.02697 8.72561 0
    -2.02697 8.72561 0
    -2.02881 8.72809 0
    -0.446903 1.92206 0
    -0.446903 1.92206 0
    -0.497143 1.99356 0
    -0.497143 6.65404 0
    -0.200309 6.24375 0
    -0.200309 6.24375 0
    -0.302649 6.38225 0
    -0.302649 1.72014 0
    0.0853673 1.70485 0
    0.0853673 1.70485 0
    0.0407904 1.72049 0
    0.0407904 5.92386 0
    0.17069 1.65314 0
    0.17069 1.65314 0
    0.176803 1.67571 0
    0.176803 1.67571 0
    0.113073 1.5974 0
    0.113073 1.5974 0
    0.163852 1.61357 0
    0.163852 1.61357 0
